AlS
 100    0   10    0            0.010000000000000.0            1.0          1.0
a     010.0    0    0    0    1    1    1
    120010000       169.2069863352326           1e-35 /c
    120000000        819.499819933225           1e-35 /bF
     10000100   -0.002198941128708368           1e-35 /gammaD
    220010000      -24.05389994075884           1e-35 /eQq
     10000000       66.04758474172894           1e-35 /gamma
          200    -0.00694165348295644           1e-35 /D
     20000000    0.006557654850200213           1e-35 /C_I
   -220010000      -7.062227683998148           1e-35 /eQq/2
          100        8368.54434582041           1e-35 /B
